rounds: 1 times: 100
topic_Faculty_8: 0.723923 0.560008 0.814073 0.74846 0.595016 0.686882 0.765378 0.746746 0.726312 0.748939 0.715777 0.807526 0.751219 0.694222 0.577771 0.831869 0.808128 0.677517 0.763472 0.719341 0.727684 0.71347 0.722987 0.774734 0.586311 0.69398 0.663541 0.7487 0.825873 0.6363 0.726212 0.727927 0.8002 0.70141 0.716362 0.713485 0.724756 0.587312 0.826168 0.722003 0.579177 0.647699 0.732645 0.671719 0.675936 0.795989 0.629879 0.81742 0.77765 0.699366 0.7224 0.719843 0.666454 0.597301 0.746845 0.65852 0.801696 0.74724 0.76574 0.593534 0.608817 0.607003 0.695015 0.692215 0.786797 0.753375 0.559009 0.747757 0.759252 0.805438 0.855801 0.591353 0.845877 0.711192 0.713965 0.779522 0.718427 0.754048 0.730194 0.765262 0.775961 0.729708 0.854901 0.757963 0.592037 0.736626 0.840498 0.769438 0.766047 0.816763 0.755423 0.673987 0.793609 0.726707 0.786145 0.785857 0.786369 0.697265 0.679487 0.827696 
rounds: 2 times: 100
topic_Faculty_8: 0.627388 0.583736 0.651276 0.750038 0.682132 0.607921 0.586833 0.669726 0.703494 0.63296 0.592365 0.609162 0.648256 0.628777 0.645441 0.649395 0.686691 0.60171 0.577423 0.693133 0.597386 0.6713 0.67543 0.584933 0.64546 0.705951 0.644556 0.593549 0.698389 0.649933 0.65848 0.667506 0.706402 0.630834 0.640409 0.624245 0.709112 0.652418 0.647334 0.621138 0.640598 0.634854 0.680413 0.680564 0.668132 0.624593 0.638239 0.7205 0.590818 0.661729 0.598825 0.587799 0.639612 0.60913 0.602815 0.615919 0.58725 0.640882 0.66035 0.657561 0.59166 0.72285 0.722194 0.60617 0.676117 0.680789 0.571402 0.619643 0.674283 0.623465 0.655676 0.701919 0.68364 0.642029 0.658474 0.652691 0.638556 0.579118 0.643163 0.596821 0.587221 0.586439 0.637443 0.618103 0.63466 0.652674 0.652008 0.714091 0.68249 0.626032 0.682732 0.614707 0.668861 0.663338 0.611401 0.602527 0.64756 0.610281 0.618091 0.618024 
rounds: 4 times: 100
topic_Faculty_8: 0.60822 0.633266 0.645176 0.610287 0.633834 0.613964 0.628219 0.612707 0.620093 0.62287 0.630651 0.613216 0.624112 0.630784 0.631842 0.634241 0.631545 0.609803 0.612844 0.614507 0.637058 0.653954 0.620159 0.617799 0.618188 0.64307 0.622933 0.625491 0.610289 0.612033 0.640791 0.611376 0.613746 0.631474 0.623279 0.616073 0.629586 0.61822 0.619881 0.621062 0.625828 0.622903 0.632283 0.636039 0.614761 0.626913 0.622228 0.614853 0.64154 0.614335 0.61793 0.613387 0.616603 0.628546 0.613071 0.628481 0.627907 0.618009 0.628577 0.624105 0.617195 0.619115 0.611009 0.621115 0.629421 0.63516 0.627357 0.628702 0.615041 0.633783 0.629685 0.62646 0.617958 0.609489 0.641987 0.62839 0.637745 0.625945 0.62121 0.638237 0.627011 0.635525 0.624993 0.616646 0.612017 0.621782 0.630521 0.60935 0.626359 0.613404 0.618381 0.632459 0.654823 0.632932 0.614614 0.621161 0.641219 0.616844 0.634773 0.637248 
rounds: 6 times: 100
topic_Faculty_8: 0.618781 0.610203 0.623577 0.61256 0.621233 0.614222 0.611384 0.618668 0.622002 0.613904 0.615679 0.621358 0.61023 0.61603 0.610506 0.612896 0.611078 0.614755 0.611872 0.61019 0.610319 0.615779 0.614499 0.611026 0.611754 0.610596 0.61037 0.618299 0.611031 0.613552 0.610887 0.610729 0.614045 0.611621 0.615369 0.611676 0.611606 0.612988 0.613887 0.61207 0.610363 0.611607 0.611386 0.612461 0.61138 0.624933 0.611808 0.616824 0.615834 0.611612 0.613468 0.612687 0.613328 0.61586 0.61192 0.621936 0.614496 0.61542 0.614797 0.614069 0.61197 0.610559 0.613229 0.611076 0.611909 0.610884 0.613056 0.614777 0.61966 0.613396 0.614842 0.611564 0.611342 0.612862 0.616945 0.610471 0.611555 0.611902 0.611744 0.611591 0.614681 0.611816 0.612925 0.614249 0.614155 0.615885 0.614862 0.615749 0.610913 0.611738 0.610689 0.610933 0.612866 0.610474 0.611437 0.613208 0.612384 0.611456 0.611529 0.610368 
rounds: 8 times: 100
topic_Faculty_8: 0.610328 0.610382 0.610224 0.610344 0.610165 0.611839 0.610079 0.61045 0.610683 0.610727 0.610492 0.610403 0.611964 0.611493 0.610801 0.610591 0.611998 0.610332 0.610618 0.611522 0.610704 0.610475 0.611564 0.610626 0.610479 0.610469 0.610244 0.610515 0.610525 0.611702 0.610166 0.610499 0.610468 0.610592 0.610269 0.610352 0.610119 0.610889 0.610533 0.610897 0.611123 0.61105 0.610723 0.610405 0.610375 0.610244 0.610808 0.61123 0.610766 0.610561 0.611151 0.610515 0.610197 0.610155 0.610763 0.610163 0.611112 0.610395 0.610274 0.61055 0.610321 0.611201 0.610969 0.610385 0.610544 0.61013 0.61035 0.610998 0.610694 0.611045 0.610457 0.610965 0.610309 0.611298 0.610505 0.610301 0.610266 0.61037 0.611467 0.610248 0.610631 0.610953 0.610602 0.610973 0.611829 0.610267 0.610212 0.61086 0.610188 0.610517 0.610281 0.611053 0.610737 0.610275 0.610499 0.610778 0.611015 0.610461 0.610351 0.610741 
rounds: 10 times: 100
topic_Faculty_8: 0.610065 0.610247 0.610353 0.610079 0.610207 0.610115 0.610186 0.6101 0.61017 0.610222 0.610122 0.610098 0.610231 0.610123 0.610206 0.610183 0.610211 0.61015 0.610104 0.61028 0.610266 0.610135 0.61036 0.610084 0.610086 0.610083 0.610193 0.610124 0.610075 0.610126 0.610142 0.610389 0.610245 0.610103 0.610084 0.610102 0.610258 0.610147 0.610138 0.610382 0.610143 0.610137 0.610146 0.610258 0.610116 0.610148 0.610142 0.610163 0.610181 0.610119 0.610126 0.61017 0.610231 0.610225 0.610179 0.610101 0.610143 0.610134 0.610109 0.610086 0.610102 0.610221 0.610063 0.610176 0.610091 0.610083 0.610293 0.610276 0.610206 0.610193 0.610153 0.610193 0.610336 0.610129 0.610083 0.610161 0.610081 0.610119 0.610105 0.610384 0.610105 0.610237 0.610099 0.610118 0.610293 0.610124 0.610121 0.61014 0.610127 0.610107 0.610268 0.610164 0.610135 0.610215 0.610146 0.610153 0.610305 0.610151 0.610093 0.610208 
