rounds: 10 times: 100
topic_Faculty_8: 0.5 0.3 0.6 0.9 0.7 0.6 0.8 0.6 0.7 0.4 0.4 0.2 0.4 0.9 0.5 0.2 0.9 0.9 0.7 0.7 0.9 0.9 0.8 0.4 0.7 0.3 0.8 0.5 0.7 0.6 0.5 0.7 0.6 0.8 0.4 0.9 0.5 0.5 0.6 0.7 0.7 0.5 0.6 0.5 0.9 0.7 0.7 0.7 0.9 0.7 0.5 0.4 0.8 0.8 0.5 0.7 0.6 0.6 0.9 0.8 0.7 0.5 0.7 0.8 0.8 0.7 0.7 0.6 0.9 0.6 0.7 0.6 0.7 0.5 0.5 0.6 0.9 0.7 0.2 0.8 0.5 0.6 0.6 0.7 0.7 0.5 0.5 0.2 0.3 0.8 0.8 0.5 0.6 0.6 0.8 0.7 0.9 0.4 0.6 0.7 
rounds: 50 times: 100
topic_Faculty_8: 0.54 0.6 0.64 0.54 0.64 0.72 0.62 0.62 0.74 0.68 0.6 0.62 0.58 0.62 0.58 0.74 0.7 0.78 0.64 0.54 0.72 0.64 0.46 0.72 0.6 0.54 0.66 0.72 0.62 0.5 0.58 0.62 0.62 0.68 0.66 0.7 0.6 0.68 0.62 0.7 0.62 0.38 0.56 0.66 0.64 0.52 0.66 0.66 0.58 0.62 0.58 0.5 0.7 0.66 0.46 0.74 0.74 0.62 0.64 0.72 0.46 0.68 0.66 0.6 0.68 0.68 0.68 0.7 0.54 0.68 0.62 0.52 0.72 0.52 0.58 0.66 0.66 0.5 0.56 0.56 0.62 0.64 0.56 0.66 0.62 0.76 0.56 0.56 0.68 0.56 0.54 0.44 0.58 0.56 0.6 0.44 0.6 0.68 0.64 0.62 
rounds: 100 times: 100
topic_Faculty_8: 0.61 0.56 0.66 0.62 0.61 0.64 0.64 0.66 0.65 0.55 0.59 0.61 0.59 0.6 0.6 0.49 0.7 0.57 0.68 0.65 0.56 0.64 0.63 0.61 0.61 0.7 0.66 0.69 0.55 0.52 0.53 0.58 0.65 0.6 0.61 0.56 0.7 0.65 0.62 0.59 0.62 0.66 0.6 0.59 0.62 0.58 0.71 0.66 0.64 0.69 0.62 0.66 0.67 0.75 0.63 0.58 0.62 0.64 0.66 0.63 0.52 0.64 0.72 0.58 0.56 0.72 0.62 0.58 0.72 0.58 0.66 0.58 0.59 0.6 0.59 0.66 0.6 0.63 0.65 0.58 0.56 0.54 0.66 0.6 0.56 0.57 0.63 0.63 0.7 0.58 0.74 0.53 0.62 0.72 0.57 0.68 0.69 0.51 0.59 0.75 
rounds: 500 times: 100
topic_Faculty_8: 0.63 0.614 0.646 0.628 0.584 0.598 0.634 0.598 0.628 0.604 0.61 0.636 0.61 0.634 0.622 0.638 0.614 0.616 0.614 0.618 0.662 0.624 0.592 0.668 0.614 0.606 0.614 0.628 0.62 0.632 0.658 0.662 0.618 0.626 0.578 0.632 0.574 0.582 0.614 0.602 0.616 0.642 0.606 0.636 0.594 0.604 0.582 0.618 0.596 0.64 0.638 0.62 0.588 0.59 0.586 0.618 0.636 0.634 0.626 0.62 0.604 0.666 0.616 0.586 0.6 0.618 0.65 0.592 0.636 0.636 0.658 0.602 0.67 0.644 0.616 0.582 0.616 0.636 0.614 0.584 0.646 0.618 0.616 0.642 0.626 0.584 0.63 0.648 0.662 0.634 0.646 0.626 0.608 0.606 0.638 0.656 0.64 0.59 0.594 0.636 
rounds: 1000 times: 100
topic_Faculty_8: 0.619 0.596 0.611 0.637 0.634 0.621 0.606 0.641 0.637 0.631 0.626 0.619 0.604 0.602 0.614 0.632 0.648 0.63 0.599 0.611 0.644 0.597 0.637 0.64 0.628 0.608 0.62 0.621 0.615 0.604 0.601 0.617 0.621 0.635 0.619 0.627 0.628 0.613 0.627 0.626 0.611 0.62 0.615 0.602 0.615 0.648 0.605 0.603 0.63 0.594 0.597 0.583 0.608 0.625 0.602 0.634 0.631 0.62 0.631 0.627 0.622 0.612 0.609 0.632 0.624 0.644 0.614 0.595 0.626 0.603 0.623 0.623 0.599 0.608 0.61 0.609 0.638 0.614 0.617 0.655 0.647 0.651 0.604 0.62 0.583 0.622 0.611 0.615 0.632 0.596 0.646 0.604 0.601 0.623 0.629 0.652 0.639 0.628 0.591 0.608 
rounds: 5000 times: 100
topic_Faculty_8: 0.6292 0.6024 0.6266 0.6154 0.6204 0.6064 0.6096 0.6226 0.6172 0.6196 0.6414 0.622 0.6052 0.6162 0.6142 0.6268 0.6202 0.608 0.6106 0.6258 0.6212 0.615 0.6242 0.6158 0.6132 0.6108 0.6176 0.606 0.6106 0.6058 0.6244 0.6118 0.6154 0.6126 0.6194 0.6136 0.6224 0.6154 0.622 0.6178 0.6202 0.6088 0.6288 0.62 0.6128 0.612 0.6192 0.6092 0.6158 0.6166 0.6242 0.6228 0.6236 0.6214 0.6236 0.6202 0.6054 0.61 0.609 0.6108 0.617 0.6254 0.6128 0.6188 0.6166 0.6082 0.6166 0.618 0.6128 0.6184 0.612 0.6238 0.624 0.6202 0.6042 0.6248 0.6176 0.6148 0.6294 0.6216 0.6244 0.6214 0.6182 0.6276 0.621 0.6214 0.6162 0.616 0.6078 0.637 0.6244 0.6056 0.6248 0.603 0.617 0.6092 0.6176 0.6308 0.6192 0.6216 
rounds: 10000 times: 100
topic_Faculty_8: 0.623 0.633444 0.633 0.618667 0.616444 0.610444 0.611111 0.629444 0.616889 0.617222 0.617667 0.619222 0.624333 0.614778 0.607333 0.620222 0.616889 0.62 0.618333 0.618 0.616556 0.617111 0.624222 0.623 0.629889 0.609 0.622333 0.615556 0.619111 0.613 0.619222 0.615778 0.618 0.628778 0.612333 0.603889 0.620667 0.623667 0.620889 0.607111 0.615778 0.624667 0.626222 0.614333 0.613222 0.613111 0.626889 0.625889 0.613667 0.620222 0.614556 0.624556 0.624444 0.621778 0.616333 0.613667 0.615444 0.620667 0.606222 0.621 0.620222 0.624889 0.623 0.617667 0.615444 0.603778 0.61 0.629333 0.614556 0.623889 0.618333 0.614222 0.610556 0.607889 0.614222 0.617556 0.625889 0.616444 0.611778 0.614444 0.613444 0.620111 0.610444 0.621 0.619444 0.616889 0.611333 0.615444 0.616 0.626444 0.620778 0.615111 0.618889 0.610889 0.607556 0.621222 0.605444 0.615222 0.612889 0.623111 
