rounds: 1000 times: 100
cancer8: 0.632 0.614 0.622 0.629 0.616 0.625 0.632 0.595 0.626 0.634 0.653 0.629 0.608 0.642 0.657 0.602 0.622 0.633 0.641 0.648 0.665 0.634 0.627 0.6 0.64 0.625 0.629 0.666 0.626 0.642 0.602 0.614 0.62 0.621 0.647 0.629 0.639 0.63 0.622 0.632 0.638 0.654 0.617 0.643 0.628 0.632 0.636 0.607 0.633 0.621 0.611 0.609 0.633 0.605 0.632 0.663 0.657 0.618 0.626 0.63 0.659 0.623 0.635 0.628 0.626 0.645 0.622 0.626 0.646 0.626 0.635 0.616 0.644 0.628 0.613 0.615 0.602 0.662 0.643 0.613 0.661 0.634 0.632 0.623 0.657 0.609 0.616 0.615 0.647 0.615 0.615 0.628 0.613 0.629 0.63 0.614 0.648 0.636 0.641 0.63 
smoke2: 0.578 0.57 0.577 0.6 0.606 0.584 0.606 0.596 0.596 0.563 0.624 0.588 0.641 0.59 0.623 0.618 0.589 0.586 0.592 0.633 0.588 0.605 0.61 0.594 0.625 0.605 0.584 0.599 0.572 0.619 0.605 0.619 0.616 0.586 0.636 0.63 0.586 0.571 0.58 0.605 0.621 0.608 0.584 0.584 0.621 0.609 0.613 0.608 0.605 0.616 0.623 0.584 0.6 0.579 0.618 0.584 0.595 0.605 0.63 0.6 0.642 0.62 0.612 0.602 0.608 0.605 0.629 0.609 0.593 0.625 0.617 0.614 0.569 0.598 0.604 0.607 0.591 0.598 0.614 0.594 0.578 0.622 0.598 0.612 0.577 0.626 0.585 0.602 0.602 0.617 0.596 0.605 0.6 0.601 0.623 0.632 0.593 0.605 0.568 0.6 
smoke5: 0.481 0.502 0.494 0.512 0.514 0.494 0.514 0.495 0.487 0.456 0.485 0.491 0.521 0.516 0.499 0.525 0.495 0.492 0.498 0.503 0.502 0.528 0.498 0.473 0.507 0.495 0.483 0.501 0.477 0.509 0.519 0.519 0.499 0.502 0.512 0.499 0.49 0.466 0.527 0.503 0.505 0.499 0.488 0.495 0.493 0.495 0.485 0.517 0.476 0.479 0.489 0.507 0.496 0.482 0.5 0.471 0.515 0.493 0.514 0.482 0.492 0.496 0.515 0.496 0.49 0.474 0.526 0.478 0.49 0.531 0.526 0.512 0.497 0.501 0.526 0.493 0.495 0.483 0.498 0.496 0.489 0.52 0.484 0.518 0.508 0.468 0.49 0.495 0.516 0.503 0.502 0.487 0.49 0.49 0.512 0.509 0.5 0.506 0.467 0.498 
smoke6: 0.383 0.386 0.379 0.402 0.422 0.41 0.38 0.388 0.398 0.37 0.401 0.381 0.404 0.394 0.392 0.41 0.37 0.406 0.411 0.391 0.393 0.41 0.369 0.383 0.36 0.372 0.363 0.392 0.405 0.437 0.403 0.419 0.384 0.406 0.409 0.387 0.414 0.37 0.413 0.396 0.414 0.356 0.436 0.378 0.411 0.367 0.425 0.419 0.392 0.373 0.391 0.403 0.368 0.4 0.402 0.396 0.408 0.405 0.4 0.405 0.379 0.415 0.413 0.378 0.395 0.386 0.396 0.394 0.39 0.407 0.432 0.397 0.385 0.389 0.396 0.407 0.395 0.383 0.421 0.397 0.416 0.379 0.404 0.405 0.422 0.383 0.37 0.381 0.395 0.426 0.394 0.38 0.406 0.399 0.416 0.389 0.407 0.406 0.377 0.399 
smoke8: 0.641 0.618 0.608 0.632 0.638 0.649 0.612 0.615 0.612 0.638 0.621 0.643 0.643 0.661 0.629 0.619 0.621 0.618 0.633 0.657 0.661 0.634 0.65 0.609 0.666 0.617 0.638 0.664 0.643 0.628 0.629 0.613 0.617 0.641 0.627 0.634 0.612 0.619 0.619 0.652 0.636 0.631 0.615 0.639 0.641 0.648 0.628 0.611 0.625 0.641 0.643 0.603 0.628 0.629 0.615 0.635 0.66 0.632 0.622 0.612 0.626 0.623 0.645 0.611 0.634 0.667 0.613 0.615 0.656 0.649 0.633 0.631 0.61 0.617 0.621 0.635 0.648 0.65 0.605 0.629 0.639 0.629 0.633 0.639 0.606 0.615 0.594 0.614 0.614 0.625 0.618 0.636 0.604 0.651 0.637 0.639 0.621 0.63 0.652 0.648 

rounds: 2000 times: 100
cancer8: 0.6395 0.639 0.6425 0.6335 0.6245 0.641 0.6345 0.626 0.6125 0.6395 0.6235 0.6435 0.6395 0.629 0.6425 0.599 0.6215 0.6205 0.6145 0.6295 0.612 0.63 0.626 0.62 0.599 0.621 0.6315 0.64 0.6485 0.615 0.618 0.617 0.619 0.6485 0.6175 0.6355 0.63 0.6515 0.634 0.639 0.6375 0.629 0.6525 0.627 0.6205 0.6455 0.615 0.6355 0.6425 0.6265 0.6405 0.633 0.631 0.6425 0.6435 0.6455 0.6195 0.633 0.628 0.6215 0.6555 0.63 0.6245 0.618 0.641 0.6035 0.647 0.634 0.619 0.637 0.6075 0.642 0.6305 0.6595 0.6345 0.6285 0.6145 0.6425 0.6165 0.6285 0.62 0.616 0.6355 0.6345 0.622 0.6115 0.608 0.632 0.618 0.622 0.6215 0.619 0.6435 0.6525 0.6175 0.616 0.642 0.639 0.616 0.6225 
smoke2: 0.6135 0.5855 0.613 0.597 0.6075 0.617 0.595 0.5925 0.614 0.6075 0.5995 0.597 0.622 0.6085 0.615 0.5875 0.618 0.6075 0.6275 0.6135 0.603 0.59 0.605 0.6005 0.6265 0.5905 0.5965 0.603 0.6185 0.6 0.6245 0.626 0.614 0.6165 0.603 0.629 0.596 0.595 0.5855 0.5935 0.603 0.6 0.5965 0.607 0.596 0.6045 0.6305 0.613 0.6245 0.589 0.604 0.6065 0.591 0.605 0.603 0.617 0.615 0.6015 0.603 0.612 0.605 0.614 0.59 0.6035 0.6045 0.5875 0.6315 0.6025 0.6125 0.5885 0.5855 0.6025 0.603 0.5915 0.599 0.5695 0.603 0.6205 0.5965 0.594 0.6095 0.596 0.5965 0.595 0.614 0.5835 0.609 0.5885 0.616 0.5925 0.6065 0.571 0.607 0.5915 0.5965 0.6025 0.609 0.614 0.6095 0.5965 
smoke5: 0.5105 0.509 0.51 0.4875 0.502 0.516 0.491 0.5145 0.493 0.5105 0.5055 0.5005 0.499 0.4915 0.491 0.5025 0.5115 0.507 0.4945 0.512 0.493 0.4985 0.499 0.514 0.507 0.491 0.4905 0.484 0.521 0.5025 0.5205 0.511 0.4995 0.5035 0.502 0.5265 0.469 0.5 0.485 0.4895 0.493 0.4975 0.506 0.518 0.481 0.4935 0.484 0.5045 0.515 0.5135 0.511 0.492 0.4895 0.5105 0.48 0.5355 0.531 0.502 0.4995 0.5045 0.52 0.489 0.4955 0.493 0.5145 0.485 0.5395 0.514 0.505 0.4955 0.506 0.5145 0.5025 0.5015 0.5035 0.4685 0.508 0.501 0.4815 0.479 0.5185 0.4925 0.502 0.504 0.5045 0.5025 0.5095 0.4935 0.503 0.498 0.4755 0.493 0.493 0.509 0.4865 0.4995 0.499 0.503 0.4945 0.4895 
smoke6: 0.3845 0.4015 0.3875 0.3995 0.3835 0.397 0.3805 0.419 0.373 0.41 0.406 0.384 0.397 0.385 0.3955 0.4045 0.3925 0.397 0.378 0.3925 0.3925 0.393 0.4115 0.4015 0.3945 0.3925 0.385 0.3995 0.393 0.3815 0.407 0.3955 0.3975 0.401 0.39 0.4255 0.391 0.406 0.4055 0.406 0.4025 0.392 0.427 0.41 0.379 0.389 0.3825 0.4015 0.3935 0.4155 0.402 0.381 0.3945 0.3865 0.381 0.395 0.39 0.4205 0.4145 0.394 0.4025 0.3935 0.3965 0.387 0.3895 0.3995 0.4025 0.3965 0.397 0.403 0.3945 0.3975 0.4055 0.403 0.4075 0.392 0.377 0.4025 0.3855 0.38 0.426 0.3915 0.405 0.4175 0.387 0.404 0.3935 0.384 0.3905 0.4 0.38 0.387 0.399 0.3985 0.3885 0.3895 0.3925 0.3935 0.4005 0.379 
smoke8: 0.641 0.6435 0.6355 0.627 0.627 0.643 0.6135 0.6165 0.625 0.647 0.6365 0.619 0.635 0.6225 0.622 0.6235 0.636 0.6325 0.613 0.63 0.609 0.628 0.619 0.617 0.6095 0.6315 0.63 0.6315 0.6475 0.6235 0.6315 0.616 0.6125 0.6215 0.6275 0.6365 0.6365 0.6485 0.628 0.6525 0.627 0.634 0.641 0.6105 0.628 0.6285 0.628 0.6375 0.645 0.631 0.6155 0.6305 0.632 0.6395 0.6375 0.627 0.6315 0.63 0.635 0.611 0.657 0.6255 0.618 0.64 0.633 0.6055 0.641 0.6365 0.6365 0.6155 0.6155 0.6595 0.619 0.6385 0.6325 0.65 0.626 0.641 0.6195 0.631 0.627 0.63 0.638 0.637 0.629 0.602 0.6145 0.6245 0.6155 0.626 0.6085 0.624 0.643 0.6265 0.6135 0.626 0.635 0.639 0.6265 0.6145 

rounds: 5000 times: 100
cancer8: 0.6266 0.6318 0.6338 0.6386 0.6258 0.632 0.635 0.6334 0.635 0.6312 0.6424 0.636 0.647 0.6142 0.6228 0.6198 0.6278 0.6416 0.6254 0.6368 0.6306 0.6228 0.6336 0.6344 0.6366 0.641 0.6456 0.6434 0.6358 0.6296 0.626 0.6308 0.6282 0.6316 0.6302 0.6358 0.622 0.6436 0.6244 0.633 0.6414 0.6442 0.6326 0.6246 0.63 0.6444 0.6354 0.6224 0.6256 0.6332 0.6286 0.6306 0.6308 0.633 0.6242 0.6352 0.6264 0.6244 0.6376 0.6266 0.6316 0.6368 0.646 0.6246 0.6268 0.6228 0.6348 0.6344 0.6274 0.6386 0.6318 0.6324 0.6306 0.6316 0.635 0.6236 0.6392 0.642 0.6406 0.6288 0.6316 0.6302 0.6372 0.6228 0.6248 0.6308 0.6318 0.6246 0.6348 0.6298 0.633 0.641 0.6422 0.633 0.6254 0.6322 0.6224 0.6336 0.6238 0.6352 
smoke2: 0.5966 0.6086 0.5896 0.6074 0.6018 0.6058 0.6014 0.6032 0.611 0.592 0.6094 0.5978 0.5954 0.617 0.5994 0.5912 0.5902 0.6194 0.6098 0.6092 0.6036 0.6038 0.6016 0.5988 0.6 0.6106 0.5986 0.5938 0.6166 0.605 0.6058 0.5928 0.5954 0.6068 0.6078 0.597 0.594 0.6144 0.6102 0.603 0.61 0.6178 0.6122 0.6146 0.6102 0.5874 0.613 0.605 0.5944 0.6026 0.6014 0.6088 0.6054 0.6052 0.6014 0.6026 0.6096 0.6112 0.6126 0.6064 0.6 0.597 0.5912 0.594 0.607 0.6004 0.6024 0.6074 0.5986 0.6166 0.6048 0.6148 0.5862 0.6224 0.6098 0.612 0.6072 0.6058 0.6116 0.5996 0.5934 0.6128 0.6032 0.607 0.6034 0.601 0.611 0.6026 0.6228 0.6128 0.6084 0.6096 0.5844 0.604 0.5962 0.6076 0.5996 0.6044 0.6134 0.6098 
smoke5: 0.4956 0.51 0.4906 0.4922 0.497 0.4944 0.5136 0.4996 0.501 0.4982 0.5022 0.4982 0.497 0.5074 0.5082 0.4942 0.4984 0.5184 0.4996 0.5026 0.5084 0.5014 0.494 0.4946 0.504 0.5106 0.493 0.5002 0.4974 0.5024 0.5018 0.508 0.5026 0.5116 0.512 0.4818 0.4882 0.5072 0.5068 0.4948 0.4946 0.4994 0.5132 0.505 0.4992 0.494 0.5076 0.5018 0.5064 0.5116 0.5016 0.5084 0.5066 0.507 0.5044 0.497 0.5032 0.4914 0.514 0.5114 0.5028 0.4986 0.4878 0.4878 0.5016 0.5022 0.4886 0.5016 0.4926 0.4996 0.4964 0.5018 0.4924 0.4988 0.4942 0.5122 0.5034 0.5048 0.5012 0.5004 0.4974 0.5092 0.4982 0.4912 0.4998 0.5092 0.4962 0.4948 0.5042 0.512 0.497 0.4866 0.489 0.5094 0.501 0.5034 0.497 0.501 0.5172 0.5026 
smoke6: 0.403 0.3882 0.3842 0.3902 0.4006 0.3838 0.393 0.3966 0.386 0.4 0.399 0.3902 0.3944 0.4042 0.4046 0.386 0.4002 0.3974 0.3868 0.3794 0.4032 0.396 0.3862 0.398 0.3908 0.4098 0.3772 0.3946 0.3876 0.4008 0.3936 0.3926 0.395 0.4058 0.3932 0.3894 0.3882 0.4004 0.3942 0.3876 0.3982 0.3914 0.407 0.4036 0.3996 0.4032 0.3976 0.3832 0.3976 0.405 0.3942 0.4026 0.396 0.3924 0.3974 0.3926 0.3946 0.3946 0.3994 0.3964 0.3972 0.4024 0.3928 0.3936 0.4058 0.3982 0.3852 0.3868 0.4048 0.3922 0.3948 0.3948 0.3962 0.4044 0.4048 0.4048 0.4068 0.4122 0.3964 0.405 0.4026 0.4018 0.3794 0.3992 0.3962 0.4006 0.3938 0.3998 0.3944 0.3972 0.4038 0.4054 0.4054 0.3968 0.39 0.3908 0.3978 0.3924 0.4028 0.3908 
smoke8: 0.627 0.6296 0.6202 0.6306 0.624 0.6438 0.6376 0.6288 0.6278 0.6316 0.6302 0.6348 0.6328 0.6256 0.626 0.637 0.621 0.6358 0.6208 0.6374 0.6276 0.623 0.6322 0.633 0.6236 0.6184 0.6344 0.6402 0.6328 0.6256 0.6264 0.6288 0.6148 0.6246 0.6412 0.6344 0.6176 0.6382 0.6364 0.6286 0.6336 0.6338 0.6292 0.6278 0.6304 0.6378 0.641 0.6176 0.63 0.6278 0.625 0.62 0.639 0.6186 0.6346 0.638 0.6228 0.6238 0.6404 0.6278 0.624 0.6342 0.6288 0.6372 0.6236 0.6316 0.6364 0.6264 0.6252 0.628 0.6338 0.6292 0.6326 0.627 0.6366 0.6286 0.6416 0.6198 0.6402 0.6266 0.6416 0.6288 0.6272 0.6246 0.6288 0.626 0.6304 0.624 0.6304 0.627 0.6154 0.6304 0.6408 0.6424 0.6384 0.625 0.633 0.6296 0.6282 0.622 

rounds: 10000 times: 100
cancer8: 0.6341 0.6318 0.6316 0.6309 0.6242 0.6304 0.6378 0.6245 0.6275 0.6249 0.6301 0.6358 0.6266 0.6348 0.6376 0.627 0.6346 0.6336 0.6229 0.6333 0.6337 0.6261 0.6301 0.6349 0.6336 0.6277 0.6332 0.6252 0.6265 0.624 0.624 0.6267 0.6257 0.632 0.6314 0.6368 0.6317 0.6362 0.6225 0.631 0.6252 0.6317 0.6432 0.6254 0.6397 0.6325 0.6289 0.637 0.6228 0.6346 0.6408 0.636 0.6336 0.629 0.6438 0.6308 0.6349 0.6252 0.6229 0.6276 0.6268 0.6307 0.6316 0.6293 0.6274 0.6294 0.6349 0.6286 0.6321 0.6215 0.6277 0.6254 0.6298 0.6295 0.6332 0.6376 0.6285 0.6243 0.6283 0.6277 0.6344 0.6346 0.629 0.6432 0.6309 0.6262 0.6402 0.629 0.628 0.6426 0.628 0.6308 0.6337 0.6337 0.6206 0.638 0.63 0.6365 0.6255 0.6396 
smoke2: 0.6024 0.6034 0.6078 0.6023 0.5978 0.5942 0.5994 0.6002 0.6074 0.6038 0.598 0.5992 0.611 0.6066 0.6012 0.5986 0.6117 0.6032 0.6044 0.601 0.6032 0.5957 0.6018 0.6028 0.6 0.6023 0.6036 0.6033 0.6064 0.6053 0.5987 0.6002 0.5918 0.608 0.604 0.6093 0.5968 0.5944 0.6007 0.6058 0.5971 0.6083 0.6077 0.6002 0.6009 0.6009 0.5948 0.597 0.6116 0.6024 0.6016 0.6039 0.6018 0.6011 0.5981 0.6118 0.602 0.6029 0.6107 0.6028 0.6111 0.5973 0.6116 0.6046 0.5992 0.6016 0.6015 0.5987 0.6052 0.6032 0.6073 0.604 0.5991 0.6041 0.6046 0.6031 0.6019 0.5999 0.5996 0.5991 0.5987 0.6078 0.605 0.608 0.6074 0.605 0.5992 0.6083 0.6066 0.6041 0.6101 0.6004 0.6029 0.5973 0.6109 0.5938 0.6075 0.6008 0.6065 0.6015 
smoke5: 0.4887 0.5043 0.498 0.5026 0.5014 0.5016 0.5066 0.5038 0.51 0.4968 0.4987 0.5038 0.5083 0.5027 0.4888 0.4944 0.5089 0.5003 0.4921 0.5043 0.4962 0.5009 0.5025 0.4928 0.5094 0.4908 0.5014 0.4965 0.4947 0.4997 0.4951 0.5072 0.4946 0.4978 0.5015 0.5061 0.4957 0.4994 0.4996 0.4986 0.4936 0.5053 0.5114 0.5024 0.4936 0.5009 0.4949 0.488 0.509 0.5007 0.4992 0.5046 0.4994 0.5076 0.5041 0.5152 0.4976 0.5034 0.503 0.4958 0.5018 0.5028 0.503 0.5041 0.4953 0.5013 0.5018 0.5061 0.4986 0.4966 0.5066 0.5064 0.5077 0.4954 0.5033 0.5009 0.497 0.5007 0.4961 0.5047 0.4988 0.5069 0.4929 0.4975 0.4991 0.5037 0.4939 0.5149 0.4984 0.4962 0.5042 0.4916 0.4987 0.4921 0.5113 0.4956 0.4922 0.5014 0.499 0.5043 
smoke6: 0.389 0.3983 0.4088 0.4013 0.4037 0.4011 0.4014 0.4006 0.4047 0.3944 0.3853 0.3847 0.3937 0.3978 0.3926 0.3968 0.4053 0.3905 0.3914 0.3934 0.394 0.4058 0.3912 0.3952 0.3981 0.391 0.3996 0.3994 0.3921 0.3907 0.3974 0.4013 0.403 0.3941 0.3872 0.4038 0.3984 0.3962 0.4003 0.398 0.3885 0.3983 0.3991 0.3939 0.3978 0.399 0.3956 0.3894 0.4094 0.4015 0.3885 0.3968 0.3979 0.3942 0.3937 0.4058 0.3977 0.4011 0.3966 0.3952 0.3917 0.3995 0.4025 0.3987 0.3907 0.3894 0.3993 0.4021 0.3908 0.3967 0.4062 0.393 0.3928 0.3959 0.4009 0.3969 0.4002 0.3902 0.3938 0.3912 0.3956 0.399 0.393 0.3964 0.3959 0.4059 0.3949 0.3974 0.3948 0.4019 0.394 0.3952 0.3821 0.3927 0.3938 0.3975 0.3942 0.3908 0.3916 0.4006 
smoke8: 0.627 0.6326 0.6306 0.6255 0.6302 0.6334 0.6395 0.6309 0.6255 0.6242 0.6262 0.6321 0.6342 0.6311 0.6291 0.6312 0.6297 0.6288 0.6283 0.6291 0.633 0.6309 0.6265 0.6343 0.6294 0.627 0.6327 0.6289 0.6251 0.6281 0.6198 0.629 0.6369 0.6358 0.6238 0.6313 0.6284 0.6266 0.62 0.628 0.6221 0.6345 0.6276 0.6229 0.6327 0.6283 0.638 0.6366 0.6353 0.6295 0.6281 0.6339 0.6255 0.6256 0.6307 0.6311 0.6257 0.6325 0.6276 0.6277 0.628 0.6273 0.6269 0.6298 0.6339 0.6249 0.6347 0.6303 0.6288 0.6286 0.6222 0.6287 0.6241 0.6252 0.6276 0.6311 0.6267 0.6274 0.6307 0.6376 0.6325 0.631 0.6332 0.6353 0.63 0.6206 0.6326 0.6288 0.6325 0.6408 0.6336 0.623 0.6263 0.6336 0.62 0.6362 0.6306 0.6264 0.6273 0.6354 

rounds: 50000 times: 100
cancer8: 0.63384 0.63348 0.62944 0.63164 0.63004 0.6304 0.6319 0.62962 0.63052 0.62988 0.63376 0.63432 0.63282 0.63608 0.63334 0.62554 0.63052 0.63202 0.63184 0.6341 0.63322 0.63344 0.63102 0.62912 0.63226 0.63162 0.63166 0.6298 0.63224 0.63058 0.634 0.6336 0.63222 0.6317 0.63184 0.63336 0.63646 0.63482 0.63274 0.6302 0.63366 0.63512 0.63302 0.62962 0.63198 0.63334 0.63152 0.62662 0.63032 0.63002 0.63372 0.63012 0.62962 0.6345 0.63196 0.62852 0.63258 0.63064 0.63398 0.6279 0.6313 0.626 0.6281 0.6305 0.6308 0.63036 0.63244 0.63164 0.62884 0.63172 0.6326 0.63222 0.62818 0.62992 0.63018 0.63178 0.62902 0.62942 0.63388 0.63312 0.63476 0.63144 0.6317 0.63376 0.62648 0.6275 0.6344 0.6295 0.62882 0.62912 0.6313 0.6311 0.63324 0.62922 0.63118 0.63106 0.63022 0.63136 0.63126 0.63058 
smoke2: 0.60188 0.60352 0.5981 0.60164 0.60264 0.6083 0.60022 0.60648 0.60032 0.60544 0.60502 0.60386 0.6035 0.60268 0.60228 0.60634 0.60134 0.60444 0.60314 0.60214 0.60072 0.60142 0.60306 0.60136 0.60228 0.60476 0.60294 0.6013 0.60412 0.60022 0.60096 0.59702 0.60124 0.60768 0.60302 0.60606 0.6069 0.60302 0.602 0.6041 0.60644 0.6029 0.60244 0.60562 0.607 0.60138 0.60316 0.60672 0.6045 0.60406 0.6061 0.60686 0.60104 0.60512 0.60138 0.60494 0.60494 0.5978 0.60176 0.60286 0.60226 0.60592 0.60278 0.60306 0.59996 0.60548 0.60234 0.60376 0.60374 0.60642 0.6025 0.60406 0.60228 0.60018 0.6026 0.60608 0.60456 0.60252 0.60586 0.60222 0.60234 0.60484 0.60352 0.60474 0.60498 0.60354 0.60502 0.6017 0.5996 0.60216 0.60346 0.60374 0.60446 0.60268 0.60494 0.60062 0.60464 0.60532 0.60434 0.6039 
smoke5: 0.50106 0.49594 0.5005 0.49614 0.49994 0.50196 0.5015 0.50028 0.49676 0.49764 0.5035 0.50238 0.50028 0.4977 0.49818 0.50114 0.4993 0.50264 0.49946 0.49962 0.49574 0.49862 0.49952 0.50174 0.49742 0.50026 0.50054 0.50118 0.49858 0.49732 0.49906 0.49464 0.49796 0.503 0.5016 0.49842 0.50196 0.50042 0.49794 0.50258 0.50116 0.49726 0.49984 0.49854 0.5052 0.49792 0.4989 0.50018 0.50012 0.50056 0.50122 0.50166 0.49914 0.49808 0.49866 0.49666 0.50294 0.49772 0.49778 0.49994 0.50052 0.49978 0.5 0.49758 0.49956 0.49916 0.50032 0.50126 0.50098 0.49966 0.49866 0.49766 0.5011 0.496 0.49984 0.4989 0.50376 0.50428 0.4988 0.49818 0.49678 0.50234 0.50326 0.50094 0.49666 0.49918 0.5015 0.50222 0.4971 0.50064 0.4969 0.50086 0.50004 0.49916 0.4943 0.49736 0.50176 0.50158 0.49824 0.50074 
smoke6: 0.39816 0.39674 0.39756 0.39434 0.39856 0.39802 0.39818 0.39564 0.39772 0.39382 0.39722 0.39822 0.39594 0.39528 0.39476 0.3978 0.4009 0.39622 0.39992 0.3946 0.39564 0.39544 0.39732 0.39794 0.39456 0.3985 0.3935 0.39848 0.39682 0.3966 0.3963 0.394 0.398 0.39952 0.39546 0.39672 0.39878 0.3965 0.39674 0.39516 0.39796 0.394 0.39448 0.39466 0.39648 0.39074 0.3976 0.40226 0.39786 0.39372 0.39428 0.396 0.3934 0.401 0.39484 0.39732 0.39702 0.39862 0.39294 0.40188 0.39412 0.39558 0.39812 0.39424 0.39914 0.39824 0.39932 0.39618 0.39832 0.39906 0.39682 0.39906 0.39914 0.39454 0.39848 0.40022 0.39766 0.3987 0.39338 0.39208 0.3946 0.399 0.39772 0.39558 0.39334 0.39646 0.39536 0.39516 0.39672 0.3967 0.39338 0.39514 0.39644 0.39812 0.39476 0.39422 0.3973 0.39996 0.3943 0.39644 
smoke8: 0.63364 0.63626 0.63326 0.62998 0.6301 0.6291 0.62948 0.62914 0.62912 0.62888 0.63242 0.63172 0.63106 0.62984 0.63508 0.62452 0.62776 0.6323 0.62898 0.62902 0.6287 0.6288 0.62978 0.62904 0.62912 0.63118 0.62956 0.6291 0.62776 0.62948 0.63564 0.63066 0.63016 0.62708 0.62704 0.63128 0.6345 0.62882 0.62974 0.62964 0.63186 0.62956 0.62744 0.62978 0.63012 0.63056 0.63038 0.63042 0.62558 0.6285 0.63158 0.62734 0.6287 0.63414 0.6279 0.62706 0.62736 0.62694 0.63056 0.62874 0.63188 0.62706 0.63226 0.6298 0.62748 0.62764 0.62878 0.6289 0.62782 0.6257 0.62456 0.6309 0.62996 0.62992 0.63126 0.63068 0.62676 0.62874 0.63264 0.6354 0.6323 0.62832 0.6276 0.63026 0.62526 0.62942 0.63012 0.63118 0.62674 0.63022 0.62716 0.63298 0.632 0.62734 0.6292 0.62896 0.6252 0.6331 0.62658 0.63002 

rounds: 100000 times: 100
cancer8: 0.63116 0.63061 0.62984 0.63023 0.63257 0.63309 0.63082 0.62931 0.63402 0.63172 0.63244 0.6307 0.62971 0.62983 0.62994 0.62878 0.63203 0.63402 0.63286 0.63035 0.63082 0.63191 0.63454 0.63173 0.63452 0.63284 0.63139 0.63206 0.63125 0.63239 0.6312 0.62913 0.63522 0.62995 0.63089 0.6335 0.63055 0.63129 0.62904 0.63333 0.63198 0.63121 0.6303 0.63195 0.62986 0.63139 0.63197 0.62881 0.63199 0.63141 0.63249 0.6308 0.63005 0.63032 0.62987 0.63219 0.63022 0.62951 0.63221 0.63287 0.63116 0.63044 0.6341 0.6333 0.63189 0.62923 0.6304 0.63325 0.63318 0.63306 0.63241 0.63375 0.63034 0.63135 0.63404 0.63213 0.63313 0.63044 0.63201 0.6326 0.62905 0.63206 0.62978 0.62874 0.63233 0.63142 0.63253 0.62876 0.63165 0.63161 0.63218 0.62808 0.63104 0.63272 0.63013 0.62998 0.6309 0.63183 0.63119 0.63364 
smoke2: 0.59929 0.60443 0.6046 0.60607 0.60571 0.60293 0.60584 0.60374 0.60596 0.60381 0.6049 0.60257 0.60345 0.60588 0.60506 0.60073 0.60555 0.60311 0.6032 0.60188 0.60259 0.605 0.6032 0.60346 0.60302 0.60445 0.6026 0.60257 0.60114 0.60563 0.60437 0.60487 0.60274 0.6033 0.60433 0.60502 0.6019 0.60501 0.60371 0.6047 0.60192 0.60381 0.60379 0.60529 0.60431 0.60515 0.60623 0.60226 0.60218 0.60252 0.60243 0.60426 0.60378 0.60248 0.60233 0.60429 0.60478 0.60311 0.60392 0.59882 0.60313 0.6036 0.60302 0.6028 0.60398 0.59979 0.6016 0.60261 0.60462 0.60491 0.6039 0.60222 0.60558 0.60444 0.60244 0.60365 0.60713 0.60329 0.60356 0.60239 0.60198 0.60425 0.60443 0.60381 0.60377 0.60149 0.60605 0.60324 0.60412 0.60371 0.60359 0.6049 0.60301 0.60487 0.60144 0.60825 0.60445 0.60261 0.60152 0.60167 
smoke5: 0.49853 0.50103 0.49815 0.50108 0.50053 0.50174 0.50046 0.49818 0.50182 0.49809 0.49898 0.49836 0.50067 0.50174 0.50125 0.49814 0.50183 0.49902 0.49789 0.49756 0.50082 0.50005 0.49955 0.49823 0.4976 0.49692 0.4992 0.49862 0.50086 0.50069 0.50103 0.50195 0.50141 0.50094 0.49949 0.50143 0.50359 0.50171 0.50054 0.50167 0.49627 0.50107 0.50089 0.50272 0.50004 0.4992 0.49998 0.50356 0.49954 0.50071 0.50129 0.49788 0.49969 0.50048 0.49842 0.49974 0.50102 0.49986 0.49787 0.49693 0.50304 0.50291 0.50111 0.49991 0.50099 0.497 0.50118 0.49776 0.50026 0.50629 0.50154 0.49865 0.50076 0.50052 0.4996 0.50073 0.50404 0.49817 0.49987 0.49873 0.49718 0.50029 0.50025 0.49904 0.49993 0.50153 0.49896 0.49937 0.49989 0.50221 0.49965 0.49873 0.50082 0.49947 0.49866 0.50252 0.49969 0.50016 0.49858 0.49805 
smoke6: 0.39735 0.39726 0.39473 0.39653 0.39814 0.39803 0.39648 0.39732 0.39582 0.39769 0.39762 0.39634 0.39536 0.39837 0.39575 0.39564 0.39976 0.39555 0.39416 0.39634 0.39528 0.39644 0.39464 0.39778 0.39496 0.39412 0.3964 0.39902 0.39657 0.39639 0.39685 0.39657 0.39813 0.39975 0.39631 0.39568 0.3998 0.39978 0.39711 0.39433 0.39656 0.39583 0.39864 0.39924 0.39926 0.39531 0.39525 0.39802 0.3963 0.39655 0.39525 0.39712 0.39581 0.39481 0.39751 0.39776 0.39697 0.39637 0.39714 0.39754 0.39718 0.39937 0.39893 0.3971 0.39388 0.39553 0.39741 0.39578 0.39807 0.39789 0.39991 0.39476 0.39957 0.39686 0.39561 0.39664 0.39974 0.39873 0.39413 0.39737 0.39442 0.39676 0.39652 0.39794 0.39489 0.39744 0.39781 0.39424 0.39712 0.39782 0.39879 0.39534 0.39796 0.39528 0.39488 0.39489 0.39622 0.39553 0.39536 0.39676 
smoke8: 0.62919 0.63007 0.63036 0.62884 0.62924 0.62961 0.62961 0.62982 0.6307 0.62771 0.63104 0.63065 0.62776 0.62996 0.62744 0.62739 0.63009 0.63056 0.62927 0.6287 0.63165 0.63061 0.63153 0.62931 0.63049 0.63033 0.62667 0.63435 0.62831 0.6298 0.63049 0.62843 0.63152 0.62837 0.62658 0.62956 0.63079 0.63281 0.6293 0.63049 0.62982 0.6277 0.62967 0.6289 0.62828 0.63026 0.6309 0.62924 0.62862 0.63228 0.62805 0.62707 0.62992 0.62795 0.62991 0.63023 0.63012 0.63079 0.63001 0.63067 0.63076 0.62717 0.63288 0.6285 0.62956 0.62749 0.62879 0.62687 0.62999 0.63127 0.6314 0.63065 0.62719 0.62906 0.63191 0.62967 0.62874 0.62739 0.62905 0.62934 0.62801 0.62939 0.63003 0.62826 0.63076 0.6284 0.62847 0.62691 0.63144 0.6333 0.62618 0.62759 0.62814 0.62889 0.62922 0.62689 0.62914 0.62923 0.62846 0.6299 

